# Made in Blockbench 4.12.4
mtllib GRUB_EGG.mtl

o cube
v 0 0.125 0
v 0 0.125 -0.0625
v 0 0 0
v 0 0 -0.0625
v -0.0625 0.125 -0.0625
v -0.0625 0.125 0
v -0.0625 0 -0.0625
v -0.0625 0 0
vt 0 1
vt 0.125 1
vt 0.125 0.75
vt 0 0.75
vt 0.125 1
vt 0.25 1
vt 0.25 0.75
vt 0.125 0.75
vt 0 0.75
vt 0.125 0.75
vt 0.125 0.5
vt 0 0.5
vt 0.25 1
vt 0.375 1
vt 0.375 0.75
vt 0.25 0.75
vt 0.25 0.625
vt 0.125 0.625
vt 0.125 0.75
vt 0.25 0.75
vt 0.375 0.75
vt 0.25 0.75
vt 0.25 0.625
vt 0.375 0.625
vn 0 0 -1
vn 1 0 0
vn 0 0 1
vn -1 0 0
vn 0 1 0
vn 0 -1 0
usemtl m_717b55be-d9d4-a01a-499e-7ab773fb8b27
f 4/4/1 7/3/1 5/2/1 2/1/1
f 3/8/2 4/7/2 2/6/2 1/5/2
f 8/12/3 3/11/3 1/10/3 6/9/3
f 7/16/4 8/15/4 6/14/4 5/13/4
f 6/20/5 1/19/5 2/18/5 5/17/5
f 7/24/6 4/23/6 3/22/6 8/21/6
o cube
v 0.07656749364249296 0.1215324515786847 0.04472758578967636
v 0.09224733961260662 0.11733104951354835 -0.028494614744318643
v 0.04097987494089636 -0.011282349536062206 0.04472758578967636
v 0.05665972091101003 -0.015483751601198567 -0.028494614744318643
v 0.021520125059103643 0.13628234953606222 -0.04472758578967635
v 0.005840279088989975 0.14048375160119858 0.028494614744318646
v -0.014067493642492955 0.003467548421315296 -0.04472758578967635
v -0.029747339612606623 0.007668950486451644 0.028494614744318646
vt 0 1
vt 0.125 1
vt 0.125 0.75
vt 0 0.75
vt 0 1
vt 0.125 1
vt 0.125 0.75
vt 0 0.75
vt 0 1
vt 0.125 1
vt 0.125 0.75
vt 0 0.75
vt 0 1
vt 0.125 1
vt 0.125 0.75
vt 0 0.75
vt 0.5 0.875
vt 0.375 0.875
vt 0.375 1
vt 0.5 1
vt 0.5 1
vt 0.375 1
vt 0.375 0.875
vt 0.5 0.875
vn 0.2090646129348489 -0.056018694201818 -0.9762960071199334
vn 0.9430295273800398 -0.2526840003001849 0.21643961393810285
vn -0.2090646129348489 0.056018694201818 0.9762960071199334
vn -0.9430295273800398 0.2526840003001849 -0.21643961393810285
vn 0.25881904510252063 0.9659258262890683 -6.938893903907228e-18
vn -0.25881904510252063 -0.9659258262890683 6.938893903907228e-18
usemtl m_717b55be-d9d4-a01a-499e-7ab773fb8b27
f 12/28/7 15/27/7 13/26/7 10/25/7
f 11/32/8 12/31/8 10/30/8 9/29/8
f 16/36/9 11/35/9 9/34/9 14/33/9
f 15/40/10 16/39/10 14/38/10 13/37/10
f 14/44/11 9/43/11 10/42/11 13/41/11
f 15/48/12 12/47/12 11/46/12 16/45/12
o cube
v -0.00453727369701748 0.09530493956475518 0.04830335292010067
v -0.032662273697017526 0.09530493956475518 -0.0004105760427739677
v 0.01772148803459611 -0.020630211280736895 0.03545225084252579
v -0.010403511965403935 -0.020630211280736895 -0.013261678120348855
v -0.08022148803459611 0.08313021128073689 0.027047749157474207
v -0.05209648803459607 0.08313021128073689 0.07576167812034885
v -0.05796272630298252 -0.03280493956475518 0.014196647079899323
v -0.029837726302982474 -0.03280493956475518 0.06291057604277397
vt 0 1
vt 0.125 1
vt 0.125 0.75
vt 0 0.75
vt 0 1
vt 0.125 1
vt 0.125 0.75
vt 0 0.75
vt 0 1
vt 0.125 1
vt 0.125 0.75
vt 0 0.75
vt 0 1
vt 0.125 1
vt 0.125 0.75
vt 0 0.75
vt 0.5 0.875
vt 0.375 0.875
vt 0.375 1
vt 0.5 1
vt 0.5 1
vt 0.375 1
vt 0.375 0.875
vt 0.5 0.875
vn -0.500000000000001 1.387778780781446e-17 -0.8660254037844383
vn 0.845497143779175 0.21643961393810285 -0.48814800355996757
vn 0.500000000000001 -1.387778780781446e-17 0.8660254037844383
vn -0.845497143779175 -0.21643961393810285 0.48814800355996757
vn -0.18744220405569345 0.9762960071199334 0.10821980696905163
vn 0.18744220405569345 -0.9762960071199334 -0.10821980696905163
usemtl m_717b55be-d9d4-a01a-499e-7ab773fb8b27
f 20/52/13 23/51/13 21/50/13 18/49/13
f 19/56/14 20/55/14 18/54/14 17/53/14
f 24/60/15 19/59/15 17/58/15 22/57/15
f 23/64/16 24/63/16 22/62/16 21/61/16
f 22/68/17 17/67/17 18/66/17 21/65/17
f 23/72/18 20/71/18 19/70/18 24/69/18
o cube
v 0.07962516902883977 0.07504982592818751 -0.10250991464739277
v 0.022627105440322565 0.07037919652255786 -0.127722133274769
v 0.06435022652245495 -0.03609509439317202 -0.04738747984825423
v 0.007352162933937735 -0.04076572379880167 -0.07259969847563047
v -0.0018502265224549438 0.09859509439317202 -0.07761252015174577
v 0.055147837066062265 0.10326572379880167 -0.05240030152436953
v -0.017125169028839773 -0.012549825928187514 -0.022490085352607228
v 0.039872894559677435 -0.007879196522557863 0.0027221332747690147
vt 0 1
vt 0.125 1
vt 0.125 0.75
vt 0 0.75
vt 0 1
vt 0.125 1
vt 0.125 0.75
vt 0 0.75
vt 0 1
vt 0.125 1
vt 0.125 0.75
vt 0 0.75
vt 0 1
vt 0.125 1
vt 0.125 0.75
vt 0 0.75
vt 0.5 0.875
vt 0.375 0.875
vt 0.375 1
vt 0.5 1
vt 0.5 1
vt 0.375 1
vt 0.375 0.875
vt 0.5 0.875
vn -0.9119690174162753 -0.07473007049007444 -0.4033954980380199
vn 0.39163731140444 -0.4514543659298264 -0.801753809968372
vn 0.9119690174162753 0.07473007049007444 0.4033954980380199
vn -0.39163731140444 0.4514543659298264 0.801753809968372
vn 0.12219954005107857 0.8891593625708764 -0.44097947839310836
vn -0.12219954005107857 -0.8891593625708764 0.44097947839310836
usemtl m_717b55be-d9d4-a01a-499e-7ab773fb8b27
f 28/76/19 31/75/19 29/74/19 26/73/19
f 27/80/20 28/79/20 26/78/20 25/77/20
f 32/84/21 27/83/21 25/82/21 30/81/21
f 31/88/22 32/87/22 30/86/22 29/85/22
f 30/92/23 25/91/23 26/90/23 29/89/23
f 31/96/24 28/95/24 27/94/24 32/93/24
o cube
v 0.07307477119313495 0.053162684529086096 0.1092395471883357
v 0.07797585763036954 0.078326777995333 0.06631230931124016
v 0.030555230337067904 -0.034501453317870565 0.05299599128244523
v 0.03545631677430249 -0.00933735985162367 0.010068753405349698
v 0.031944769662932096 0.09700145331787056 0.07200400871755476
v 0.027043683225697505 0.07183735985162368 0.11493124659465029
v -0.010574771193134956 0.00933731547091391 0.015760452811664293
v -0.015475857630369544 -0.015826777995332983 0.05868769068875983
vt 0 1
vt 0.125 1
vt 0.125 0.75
vt 0 0.75
vt 0 1
vt 0.125 1
vt 0.125 0.75
vt 0 0.75
vt 0 1
vt 0.125 1
vt 0.125 0.75
vt 0 0.75
vt 0 1
vt 0.125 1
vt 0.125 0.75
vt 0 0.75
vt 0.5 0.875
vt 0.375 0.875
vt 0.375 1
vt 0.5 1
vt 0.5 1
vt 0.375 1
vt 0.375 0.875
vt 0.5 0.875
vn 0.09802172874469181 0.5032818693249379 -0.8585447575419107
vn 0.9206217593487489 -0.3734935064507516 -0.11383398812629193
vn -0.09802172874469181 -0.5032818693249379 0.8585447575419107
vn -0.9206217593487489 0.3734935064507516 0.11383398812629193
vn 0.37795147427615156 0.779236780861837 0.49994271916347083
vn -0.37795147427615156 -0.779236780861837 -0.49994271916347083
usemtl m_717b55be-d9d4-a01a-499e-7ab773fb8b27
f 36/100/25 39/99/25 37/98/25 34/97/25
f 35/104/26 36/103/26 34/102/26 33/101/26
f 40/108/27 35/107/27 33/106/27 38/105/27
f 39/112/28 40/111/28 38/110/28 37/109/28
f 38/116/29 33/115/29 34/114/29 37/113/29
f 39/120/30 36/119/30 35/118/30 40/117/30
o cube
v 0.1087094624267668 0.0326337888655209 0.0016871296659809725
v 0.08645228002560051 0.04404845222279 -0.02625161210957922
v 0.06352226934982756 -0.0565733658090527 0.0012386470084370157
v 0.04126508694866128 -0.045158702451783606 -0.026700094767123178
v 0.06147773065017244 0.0565733658090527 -0.0012386470084370157
v 0.08373491305133872 0.045158702451783606 0.026700094767123178
v 0.016290537573233205 -0.0326337888655209 -0.0016871296659809725
v 0.038547719974399486 -0.04404845222279 0.02625161210957922
vt 0 1
vt 0.125 1
vt 0.125 0.75
vt 0 0.75
vt 0 1
vt 0.125 1
vt 0.125 0.75
vt 0 0.75
vt 0 1
vt 0.125 1
vt 0.125 0.75
vt 0 0.75
vt 0 1
vt 0.125 1
vt 0.125 0.75
vt 0 0.75
vt 0.5 0.875
vt 0.375 0.875
vt 0.375 1
vt 0.5 1
vt 0.5 1
vt 0.375 1
vt 0.375 0.875
vt 0.5 0.875
vn -0.5935248640311009 0.3043910228605094 -0.7450331140149383
vn 0.6659879833447484 -0.33399769563367215 -0.6670124026971254
vn 0.5935248640311009 -0.3043910228605094 0.7450331140149383
vn -0.6659879833447484 0.33399769563367215 0.6670124026971254
vn 0.45187193076939236 0.8920715467457361 0.004484826575439554
vn -0.45187193076939236 -0.8920715467457361 -0.004484826575439554
usemtl m_717b55be-d9d4-a01a-499e-7ab773fb8b27
f 44/124/31 47/123/31 45/122/31 42/121/31
f 43/128/32 44/127/32 42/126/32 41/125/32
f 48/132/33 43/131/33 41/130/33 46/129/33
f 47/136/34 48/135/34 46/134/34 45/133/34
f 46/140/35 41/139/35 42/138/35 45/137/35
f 47/144/36 44/143/36 43/142/36 48/141/36
o cube
v -0.06175476236873594 0.05557457069896975 -0.0106787973338837
v -0.09692280464274283 0.042858743153520604 -0.013465647248762843
v -0.02713258446651086 -0.03734457370216725 -0.023614693169400063
v -0.06230062674051774 -0.05006040124761639 -0.0264015430842792
v -0.09786741553348914 0.03734457370216725 0.023614693169400063
v -0.06269937325948226 0.05006040124761639 0.0264015430842792
v -0.06324523763126405 -0.05557457069896975 0.0106787973338837
v -0.028077195357257174 -0.042858743153520604 0.013465647248762843
vt 0 1
vt 0.125 1
vt 0.125 0.75
vt 0 0.75
vt 0 1
vt 0.125 1
vt 0.125 0.75
vt 0 0.75
vt 0 1
vt 0.125 1
vt 0.125 0.75
vt 0 0.75
vt 0 1
vt 0.125 1
vt 0.125 0.75
vt 0 0.75
vt 0.5 0.875
vt 0.375 0.875
vt 0.375 1
vt 0.5 1
vt 0.5 1
vt 0.375 1
vt 0.375 0.875
vt 0.5 0.875
vn -0.9378144606401834 -0.33908873454531047 -0.07431599773011045
vn 0.025189623753235066 0.1470445187027561 -0.9888090778176772
vn 0.9378144606401834 0.33908873454531047 0.07431599773011045
vn -0.025189623753235066 -0.1470445187027561 0.9888090778176772
vn -0.3462217790222508 0.92919144401137 0.12935895835516364
vn 0.3462217790222508 -0.92919144401137 -0.12935895835516364
usemtl m_717b55be-d9d4-a01a-499e-7ab773fb8b27
f 52/148/37 55/147/37 53/146/37 50/145/37
f 51/152/38 52/151/38 50/150/38 49/149/38
f 56/156/39 51/155/39 49/154/39 54/153/39
f 55/160/40 56/159/40 54/158/40 53/157/40
f 54/164/41 49/163/41 50/162/41 53/161/41
f 55/168/42 52/167/42 51/166/42 56/165/42
o cube
v -0.007586696462163246 0.0702282270964348 -0.12727418348140576
v -0.044162229657225924 0.06763507117005878 -0.13513267658367223
v -0.010117065868110144 -0.02060421488432372 -0.08552415696067663
v -0.046692599063172815 -0.02319737081069974 -0.09338265006294308
v -0.05238293413188986 0.08310421488432373 -0.10197584303932337
v -0.015807400936827185 0.08569737081069975 -0.09411734993705691
v -0.05491330353783676 -0.007728227096434788 -0.06022581651859423
v -0.01833777034277408 -0.005135071170058771 -0.05236732341632778
vt 0 1
vt 0.125 1
vt 0.125 0.75
vt 0 0.75
vt 0 1
vt 0.125 1
vt 0.125 0.75
vt 0 0.75
vt 0 1
vt 0.125 1
vt 0.125 0.75
vt 0 0.75
vt 0 1
vt 0.125 1
vt 0.125 0.75
vt 0 0.75
vt 0.5 0.875
vt 0.375 0.875
vt 0.375 1
vt 0.5 1
vt 0.5 1
vt 0.375 1
vt 0.375 0.875
vt 0.5 0.875
vn -0.975347551868338 -0.0691508247033605 -0.2095598160604389
vn 0.2192187859910383 -0.41251049904706544 -0.8841822278493029
vn 0.975347551868338 0.0691508247033605 0.2095598160604389
vn -0.2192187859910383 0.41251049904706544 0.8841822278493029
vn 0.025303694059469077 0.9083244198075853 -0.4175002652072915
vn -0.025303694059469077 -0.9083244198075853 0.4175002652072915
usemtl m_717b55be-d9d4-a01a-499e-7ab773fb8b27
f 60/172/43 63/171/43 61/170/43 58/169/43
f 59/176/44 60/175/44 58/174/44 57/173/44
f 64/180/45 59/179/45 57/178/45 62/177/45
f 63/184/46 64/183/46 62/182/46 61/181/46
f 62/188/47 57/187/47 58/186/47 61/185/47
f 63/192/48 60/191/48 59/190/48 64/189/48
o cube
v 0.10250440259696461 0.007709710729264532 0.0717148636860239
v 0.08024722019579833 0.019124374086533627 0.0437761219104637
v 0.07280294462324641 -0.08661191141596873 0.056840221165032206
v 0.05054576222208013 -0.07519724805869964 0.028901479389472004
v 0.05219705537675359 0.02411191141596873 0.0681597788349678
v 0.07445423777791987 0.012697248058699637 0.096098520610528
v 0.022495597403035396 -0.07020971072926453 0.0532851363139761
v 0.04475277980420168 -0.08162437408653363 0.0812238780895363
vt 0 1
vt 0.125 1
vt 0.125 0.75
vt 0 0.75
vt 0 1
vt 0.125 1
vt 0.125 0.75
vt 0 0.75
vt 0 1
vt 0.125 1
vt 0.125 0.75
vt 0 0.75
vt 0 1
vt 0.125 1
vt 0.125 0.75
vt 0 0.75
vt 0.5 0.875
vt 0.375 0.875
vt 0.375 1
vt 0.5 1
vt 0.5 1
vt 0.375 1
vt 0.375 0.875
vt 0.5 0.875
vn -0.5935248640311006 0.3043910228605092 -0.7450331140149388
vn 0.7480043951745262 -0.1330009954516027 -0.6502308513201093
vn 0.5935248640311006 -0.3043910228605092 0.7450331140149388
vn -0.7480043951745262 0.1330009954516027 0.6502308513201093
vn 0.2970145797371819 0.9432162214523327 0.14874642520991702
vn -0.2970145797371819 -0.9432162214523327 -0.14874642520991702
usemtl m_717b55be-d9d4-a01a-499e-7ab773fb8b27
f 68/196/49 71/195/49 69/194/49 66/193/49
f 67/200/50 68/199/50 66/198/50 65/197/50
f 72/204/51 67/203/51 65/202/51 70/201/51
f 71/208/52 72/207/52 70/206/52 69/205/52
f 70/212/53 65/211/53 66/210/53 69/209/53
f 71/216/54 68/215/54 67/214/54 72/213/54
o cube
v 0.06559035731152106 0.008031616261160661 -0.1156775963942239
v 0.04096981969036935 -0.002905786377703886 -0.14176307800298116
v 0.049134501602841815 -0.0764298932660914 -0.06473195652903975
v 0.024513963981690107 -0.08736729590495593 -0.090817438137797
v 0.013365498397158185 0.01392989326609139 -0.12276804347096025
v 0.037986036018309896 0.024867295904955934 -0.096682561862203
v -0.003090357311521054 -0.07053161626116067 -0.0718224036057761
v 0.02153018030963065 -0.05959421362229611 -0.045736921997018856
vt 0 1
vt 0.125 1
vt 0.125 0.75
vt 0 0.75
vt 0 1
vt 0.125 1
vt 0.125 0.75
vt 0 0.75
vt 0 1
vt 0.125 1
vt 0.125 0.75
vt 0 0.75
vt 0 1
vt 0.125 1
vt 0.125 0.75
vt 0 0.75
vt 0.5 0.875
vt 0.375 0.875
vt 0.375 1
vt 0.5 1
vt 0.5 1
vt 0.375 1
vt 0.375 0.875
vt 0.5 0.875
vn -0.6565476698973788 -0.2916640703697213 -0.6956128429001932
vn 0.736115234485631 -0.4489514571678741 -0.5065342541872239
vn 0.6565476698973788 0.2916640703697213 0.6956128429001932
vn -0.736115234485631 0.4489514571678741 0.5065342541872239
vn 0.16455855708679243 0.8446150952725207 -0.5094563986518416
vn -0.16455855708679243 -0.8446150952725207 0.5094563986518416
usemtl m_717b55be-d9d4-a01a-499e-7ab773fb8b27
f 76/220/55 79/219/55 77/218/55 74/217/55
f 75/224/56 76/223/56 74/222/56 73/221/56
f 80/228/57 75/227/57 73/226/57 78/225/57
f 79/232/58 80/231/58 78/230/58 77/229/58
f 78/236/59 73/235/59 74/234/59 77/233/59
f 79/240/60 76/239/60 75/238/60 80/237/60