# Made in Blockbench 4.12.3
mtllib LOG.mtl

o cube
v 0.1875 0.4375 1.46875
v 0.1875 0.4375 -1.46875
v 0.1875 0.0625 1.46875
v 0.1875 0.0625 -1.46875
v -0.1875 0.4375 -1.46875
v -0.1875 0.4375 1.46875
v -0.1875 0.0625 -1.46875
v -0.1875 0.0625 1.46875
vt 0 0.625
vt 0.046875 0.625
vt 0.046875 0.578125
vt 0 0.578125
vt 0.25 0.8125
vt 0.6171875 0.8125
vt 0.6171875 0.765625
vt 0.25 0.765625
vt 0.046875 0.625
vt 0.09375 0.625
vt 0.09375 0.578125
vt 0.046875 0.578125
vt 0.25 0.765625
vt 0.6171875 0.765625
vt 0.6171875 0.71875
vt 0.25 0.71875
vt 0.296875 0.3515625
vt 0.25 0.3515625
vt 0.25 0.71875
vt 0.296875 0.71875
vt 0.34375 0.71875
vt 0.296875 0.71875
vt 0.296875 0.3515625
vt 0.34375 0.3515625
vn 0 0 -1
vn 1 0 0
vn 0 0 1
vn -1 0 0
vn 0 1 0
vn 0 -1 0
usemtl m_76c4d600-880e-6d3c-0d81-18d173fe6d92
f 4/4/1 7/3/1 5/2/1 2/1/1
f 3/8/2 4/7/2 2/6/2 1/5/2
f 8/12/3 3/11/3 1/10/3 6/9/3
f 7/16/4 8/15/4 6/14/4 5/13/4
f 6/20/5 1/19/5 2/18/5 5/17/5
f 7/24/6 4/23/6 3/22/6 8/21/6
o cube
v 0.25 0.0625 1.5
v 0.25 0.0625 -1.5
v 0.25 0 1.5
v 0.25 0 -1.5
v -0.25 0.0625 -1.5
v -0.25 0.0625 1.5
v -0.25 0 -1.5
v -0.25 0 1.5
vt 0.40625 0.6875
vt 0.46875 0.6875
vt 0.46875 0.6796875
vt 0.40625 0.6796875
vt 0.34375 0.71875
vt 0.71875 0.71875
vt 0.71875 0.7109375
vt 0.34375 0.7109375
vt 0.40625 0.6796875
vt 0.46875 0.6796875
vt 0.46875 0.671875
vt 0.40625 0.671875
vt 0.34375 0.7109375
vt 0.71875 0.7109375
vt 0.71875 0.703125
vt 0.34375 0.703125
vt 0.0625 0.625
vt 0 0.625
vt 0 1
vt 0.0625 1
vt 0.125 1
vt 0.0625 1
vt 0.0625 0.625
vt 0.125 0.625
vn 0 0 -1
vn 1 0 0
vn 0 0 1
vn -1 0 0
vn 0 1 0
vn 0 -1 0
usemtl m_76c4d600-880e-6d3c-0d81-18d173fe6d92
f 12/28/7 15/27/7 13/26/7 10/25/7
f 11/32/8 12/31/8 10/30/8 9/29/8
f 16/36/9 11/35/9 9/34/9 14/33/9
f 15/40/10 16/39/10 14/38/10 13/37/10
f 14/44/11 9/43/11 10/42/11 13/41/11
f 15/48/12 12/47/12 11/46/12 16/45/12
o cube
v -0.1875 0.4375 1.5
v -0.1875 0.4375 -1.5
v -0.1875 0.0625 1.5
v -0.1875 0.0625 -1.5
v -0.25 0.4375 -1.5
v -0.25 0.4375 1.5
v -0.25 0.0625 -1.5
v -0.25 0.0625 1.5
vt 0.40625 0.65625
vt 0.4140625 0.65625
vt 0.4140625 0.609375
vt 0.40625 0.609375
vt 0.25 1
vt 0.625 1
vt 0.625 0.953125
vt 0.25 0.953125
vt 0.09375 0.5859375
vt 0.1015625 0.5859375
vt 0.1015625 0.5390625
vt 0.09375 0.5390625
vt 0.25 0.953125
vt 0.625 0.953125
vt 0.625 0.90625
vt 0.25 0.90625
vt 0.3515625 0.328125
vt 0.34375 0.328125
vt 0.34375 0.703125
vt 0.3515625 0.703125
vt 0.359375 0.703125
vt 0.3515625 0.703125
vt 0.3515625 0.328125
vt 0.359375 0.328125
vn 0 0 -1
vn 1 0 0
vn 0 0 1
vn -1 0 0
vn 0 1 0
vn 0 -1 0
usemtl m_76c4d600-880e-6d3c-0d81-18d173fe6d92
f 20/52/13 23/51/13 21/50/13 18/49/13
f 19/56/14 20/55/14 18/54/14 17/53/14
f 24/60/15 19/59/15 17/58/15 22/57/15
f 23/64/16 24/63/16 22/62/16 21/61/16
f 22/68/17 17/67/17 18/66/17 21/65/17
f 23/72/18 20/71/18 19/70/18 24/69/18
o cube
v 0.25 0.4375 1.5
v 0.25 0.4375 -1.5
v 0.25 0.0625 1.5
v 0.25 0.0625 -1.5
v 0.1875 0.4375 -1.5
v 0.1875 0.4375 1.5
v 0.1875 0.0625 -1.5
v 0.1875 0.0625 1.5
vt 0.1015625 0.5859375
vt 0.109375 0.5859375
vt 0.109375 0.5390625
vt 0.1015625 0.5390625
vt 0.25 0.90625
vt 0.625 0.90625
vt 0.625 0.859375
vt 0.25 0.859375
vt 0.109375 0.5859375
vt 0.1171875 0.5859375
vt 0.1171875 0.5390625
vt 0.109375 0.5390625
vt 0.25 0.859375
vt 0.625 0.859375
vt 0.625 0.8125
vt 0.25 0.8125
vt 0.3671875 0.328125
vt 0.359375 0.328125
vt 0.359375 0.703125
vt 0.3671875 0.703125
vt 0.375 0.703125
vt 0.3671875 0.703125
vt 0.3671875 0.328125
vt 0.375 0.328125
vn 0 0 -1
vn 1 0 0
vn 0 0 1
vn -1 0 0
vn 0 1 0
vn 0 -1 0
usemtl m_76c4d600-880e-6d3c-0d81-18d173fe6d92
f 28/76/19 31/75/19 29/74/19 26/73/19
f 27/80/20 28/79/20 26/78/20 25/77/20
f 32/84/21 27/83/21 25/82/21 30/81/21
f 31/88/22 32/87/22 30/86/22 29/85/22
f 30/92/23 25/91/23 26/90/23 29/89/23
f 31/96/24 28/95/24 27/94/24 32/93/24
o cube
v 0.25 0.5 1.5
v 0.25 0.5 -1.5
v 0.25 0.4375 1.5
v 0.25 0.4375 -1.5
v -0.25 0.5 -1.5
v -0.25 0.5 1.5
v -0.25 0.4375 -1.5
v -0.25 0.4375 1.5
vt 0.40625 0.671875
vt 0.46875 0.671875
vt 0.46875 0.6640625
vt 0.40625 0.6640625
vt 0.375 0.703125
vt 0.75 0.703125
vt 0.75 0.6953125
vt 0.375 0.6953125
vt 0.40625 0.6640625
vt 0.46875 0.6640625
vt 0.46875 0.65625
vt 0.40625 0.65625
vt 0.375 0.6953125
vt 0.75 0.6953125
vt 0.75 0.6875
vt 0.375 0.6875
vt 0.1875 0.625
vt 0.125 0.625
vt 0.125 1
vt 0.1875 1
vt 0.25 1
vt 0.1875 1
vt 0.1875 0.625
vt 0.25 0.625
vn 0 0 -1
vn 1 0 0
vn 0 0 1
vn -1 0 0
vn 0 1 0
vn 0 -1 0
usemtl m_76c4d600-880e-6d3c-0d81-18d173fe6d92
f 36/100/25 39/99/25 37/98/25 34/97/25
f 35/104/26 36/103/26 34/102/26 33/101/26
f 40/108/27 35/107/27 33/106/27 38/105/27
f 39/112/28 40/111/28 38/110/28 37/109/28
f 38/116/29 33/115/29 34/114/29 37/113/29
f 39/120/30 36/119/30 35/118/30 40/117/30
o cube
v -0.07111190396325394 0.7747259214672465 -0.03163177988032864
v -0.1919222551556301 0.7183435855322703 -0.16347312862680588
v 0.03141759135065514 0.48121721763154984 -0.00006291288506861392
v -0.08939275984172101 0.4248348816965737 -0.13190426163154584
v -0.32144708666456423 0.6872914862041467 -0.03150595411019142
v -0.20063673547218808 0.7436738221391229 0.10033539463628582
v -0.21891759135065514 0.39378278236845016 0.00006291288506861392
v -0.09810724015827899 0.4501651183034263 0.13190426163154584
vt 0.09375 0.625
vt 0.1171875 0.625
vt 0.1171875 0.5859375
vt 0.09375 0.5859375
vt 0.1171875 0.625
vt 0.140625 0.625
vt 0.140625 0.5859375
vt 0.1171875 0.5859375
vt 0.140625 0.625
vt 0.1640625 0.625
vt 0.1640625 0.5859375
vt 0.140625 0.5859375
vt 0.1640625 0.625
vt 0.1875 0.625
vt 0.1875 0.5859375
vt 0.1640625 0.5859375
vt 0.3984375 0.5859375
vt 0.375 0.5859375
vt 0.375 0.609375
vt 0.3984375 0.609375
vt 0.421875 0.609375
vt 0.3984375 0.609375
vt 0.3984375 0.5859375
vt 0.421875 0.5859375
vn -0.6443218730260063 -0.3007057916532062 -0.7031538599812119
vn 0.690799101380982 0.16561119641665897 -0.7038249307552771
vn 0.6443218730260063 0.3007057916532062 0.7031538599812119
vn -0.690799101380982 -0.16561119641665897 0.7038249307552771
vn -0.32809438500450905 0.9392278522742292 -0.10102037438483209
vn 0.32809438500450905 -0.9392278522742292 0.10102037438483209
usemtl m_76c4d600-880e-6d3c-0d81-18d173fe6d92
f 44/124/31 47/123/31 45/122/31 42/121/31
f 43/128/32 44/127/32 42/126/32 41/125/32
f 48/132/33 43/131/33 41/130/33 46/129/33
f 47/136/34 48/135/34 46/134/34 45/133/34
f 46/140/35 41/139/35 42/138/35 45/137/35
f 47/144/36 44/143/36 43/142/36 48/141/36
o cube
v -0.21536392972738141 1.0536622194257599 -0.06317967591389914
v -0.2959041638556322 1.016073995469109 -0.15107390841155063
v -0.11283443441347232 0.7601535155900632 -0.03161080891863911
v -0.1933746685417231 0.7225652916334124 -0.11950504141629062
v -0.382254051528255 0.9953725959170266 -0.063095792067141
v -0.30171381740000414 1.0329608198736775 0.0247984404305105
v -0.2797245562143459 0.70186389208133 -0.03152692507188096
v -0.19918432208609507 0.7394521160379808 0.05636730742577054
vt 0.1875 0.625
vt 0.203125 0.625
vt 0.203125 0.5859375
vt 0.1875 0.5859375
vt 0.203125 0.625
vt 0.21875 0.625
vt 0.21875 0.5859375
vt 0.203125 0.5859375
vt 0.21875 0.625
vt 0.234375 0.625
vt 0.234375 0.5859375
vt 0.21875 0.5859375
vt 0.234375 0.625
vt 0.25 0.625
vt 0.25 0.5859375
vt 0.234375 0.5859375
vt 0.1953125 0.5703125
vt 0.1796875 0.5703125
vt 0.1796875 0.5859375
vt 0.1953125 0.5859375
vt 0.2109375 0.5859375
vt 0.1953125 0.5859375
vt 0.1953125 0.5703125
vt 0.2109375 0.5703125
vn -0.6443218730260063 -0.3007057916532062 -0.7031538599812119
vn 0.690799101380982 0.16561119641665897 -0.7038249307552771
vn 0.6443218730260063 0.3007057916532062 0.7031538599812119
vn -0.690799101380982 -0.16561119641665897 0.7038249307552771
vn -0.32809438500450905 0.9392278522742292 -0.10102037438483209
vn 0.32809438500450905 -0.9392278522742292 0.10102037438483209
usemtl m_76c4d600-880e-6d3c-0d81-18d173fe6d92
f 52/148/37 55/147/37 53/146/37 50/145/37
f 51/152/38 52/151/38 50/150/38 49/149/38
f 56/156/39 51/155/39 49/154/39 54/153/39
f 55/160/40 56/159/40 54/158/40 53/157/40
f 54/164/41 49/163/41 50/162/41 53/161/41
f 55/168/42 52/167/42 51/166/42 56/165/42
o cube
v -0.3291666178486957 0.7060961361926783 -0.25665908196576526
v -0.3417677000483339 0.5883651147414083 -0.29672926184355675
v -0.10542137172149589 0.6147226360467921 -0.05855507315582599
v -0.11802245392113399 0.49699161459552216 -0.09862525303361744
v -0.4281175877209566 0.567663715189326 -0.20875114549914706
v -0.4155165055213185 0.6853947366405959 -0.16868096562135562
v -0.20437234159375672 0.47629021504343977 -0.01064713668920779
v -0.19177125939411865 0.5940212364947098 0.02942304318858366
vt 0.375 0.6875
vt 0.390625 0.6875
vt 0.390625 0.6484375
vt 0.375 0.6484375
vt 0.375 0.6484375
vt 0.390625 0.6484375
vt 0.390625 0.609375
vt 0.375 0.609375
vt 0.390625 0.6875
vt 0.40625 0.6875
vt 0.40625 0.6484375
vt 0.390625 0.6484375
vt 0.390625 0.6484375
vt 0.40625 0.6484375
vt 0.40625 0.609375
vt 0.390625 0.609375
vt 0.2265625 0.5703125
vt 0.2109375 0.5703125
vt 0.2109375 0.5859375
vt 0.2265625 0.5859375
vt 0.2421875 0.5859375
vt 0.2265625 0.5859375
vt 0.2265625 0.5703125
vt 0.2421875 0.5703125
vn -0.10080865759710475 -0.9418481716101601 -0.3205614390223315
vn 0.690799101380982 0.165611196416659 -0.7038249307552771
vn 0.10080865759710475 0.9418481716101601 0.3205614390223315
vn -0.690799101380982 -0.165611196416659 0.7038249307552771
vn -0.7159847876070395 0.29239520046683587 -0.6339328281918057
vn 0.7159847876070395 -0.29239520046683587 0.6339328281918057
usemtl m_76c4d600-880e-6d3c-0d81-18d173fe6d92
f 60/172/43 63/171/43 61/170/43 58/169/43
f 59/176/44 60/175/44 58/174/44 57/173/44
f 64/180/45 59/179/45 57/178/45 62/177/45
f 63/184/46 64/183/46 62/182/46 61/181/46
f 62/188/47 57/187/47 58/186/47 61/185/47
f 63/192/48 60/191/48 59/190/48 64/189/48
o cube
v -0.3596159554915089 1.3325985173842732 -0.09472757194746964
v -0.39988607255563424 1.3138044054059477 -0.1386746881962954
v -0.2570864601775998 1.0390898135485764 -0.06315870495220961
v -0.2973565772417252 1.0202957015702512 -0.10710582120103536
v -0.4430610163919456 1.3034537056299065 -0.09468563002409057
v -0.40279089932782025 1.322247817608232 -0.050738513775264824
v -0.3405315210780366 1.00994500179421 -0.06311676302883053
v -0.30026140401391116 1.0287391137725352 -0.01916964678000478
vt 0.1171875 0.5859375
vt 0.125 0.5859375
vt 0.125 0.546875
vt 0.1171875 0.546875
vt 0.125 0.5859375
vt 0.1328125 0.5859375
vt 0.1328125 0.546875
vt 0.125 0.546875
vt 0.1328125 0.5859375
vt 0.140625 0.5859375
vt 0.140625 0.546875
vt 0.1328125 0.546875
vt 0.140625 0.5859375
vt 0.1484375 0.5859375
vt 0.1484375 0.546875
vt 0.140625 0.546875
vt 0.25 0.578125
vt 0.2421875 0.578125
vt 0.2421875 0.5859375
vt 0.25 0.5859375
vt 0.421875 0.65625
vt 0.4140625 0.65625
vt 0.4140625 0.6484375
vt 0.421875 0.6484375
vn -0.6443218730260063 -0.3007057916532062 -0.7031538599812119
vn 0.690799101380982 0.16561119641665897 -0.7038249307552771
vn 0.6443218730260063 0.3007057916532062 0.7031538599812119
vn -0.690799101380982 -0.16561119641665897 0.7038249307552771
vn -0.32809438500450905 0.9392278522742292 -0.10102037438483209
vn 0.32809438500450905 -0.9392278522742292 0.10102037438483209
usemtl m_76c4d600-880e-6d3c-0d81-18d173fe6d92
f 68/196/49 71/195/49 69/194/49 66/193/49
f 67/200/50 68/199/50 66/198/50 65/197/50
f 72/204/51 67/203/51 65/202/51 70/201/51
f 71/208/52 72/207/52 70/206/52 69/205/52
f 70/212/53 65/211/53 66/210/53 69/209/53
f 71/216/54 68/215/54 67/214/54 72/213/54
o cube
v -0.5097568383941604 0.8694760674510876 -0.3510632630076649
v -0.5375877916569116 0.8276343897705309 -0.3882245607428485
v -0.33173912402155115 0.6431805182779615 -0.2295878836339605
v -0.35957007728430235 0.6013388405974049 -0.2667491813691441
v -0.580762735493223 0.8172836899944897 -0.34423550257064367
v -0.5529317822304718 0.8591253676750464 -0.30707420483546
v -0.4027450211206137 0.5909881408213637 -0.22276012319693927
v -0.3749140678578625 0.6328298185019203 -0.18559882546175566
vt 0.1484375 0.5859375
vt 0.15625 0.5859375
vt 0.15625 0.546875
vt 0.1484375 0.546875
vt 0.15625 0.5859375
vt 0.1640625 0.5859375
vt 0.1640625 0.546875
vt 0.15625 0.546875
vt 0.1640625 0.5859375
vt 0.171875 0.5859375
vt 0.171875 0.546875
vt 0.1640625 0.546875
vt 0.171875 0.5859375
vt 0.1796875 0.5859375
vt 0.1796875 0.546875
vt 0.171875 0.546875
vt 0.421875 0.640625
vt 0.4140625 0.640625
vt 0.4140625 0.6484375
vt 0.421875 0.6484375
vt 0.421875 0.640625
vt 0.4140625 0.640625
vt 0.4140625 0.6328125
vt 0.421875 0.6328125
vn -0.44529525220401955 -0.6694668428889066 -0.5945807637629381
vn 0.690799101380982 0.16561119641665897 -0.7038249307552772
vn 0.44529525220401955 0.6694668428889066 0.5945807637629381
vn -0.690799101380982 -0.16561119641665897 0.7038249307552772
vn -0.5696566859923498 0.7241457573540034 -0.388721213995854
vn 0.5696566859923498 -0.7241457573540034 0.388721213995854
usemtl m_76c4d600-880e-6d3c-0d81-18d173fe6d92
f 76/220/55 79/219/55 77/218/55 74/217/55
f 75/224/56 76/223/56 74/222/56 73/221/56
f 80/228/57 75/227/57 73/226/57 78/225/57
f 79/232/58 80/231/58 78/230/58 77/229/58
f 78/236/59 73/235/59 74/234/59 77/233/59
f 79/240/60 76/239/60 75/238/60 80/237/60